732  4  0
    0      43    57   192   205
    1     132   167   169   168
    2      87   124   197   216
    3     134    94   212   213
    4     168   179   180   203
    5      19    20    17   200
    6     210   206   223   232
    7     116    32    49   204
    8     207    86   235   241
    9      54   111    37    22
   10     183   144   152   214
   11     153   154   213   225
   12      21    54    22   208
   13     176   163   220   238
   14     220   175   123   225
   15     113   114   111   226
   16       4    62   211   226
   17     193    73   235   240
   18     174   191   173   214
   19     102   103   205   212
   20     195   109   192   228
   21     126   125    90   223
   22     164   156   238   239
   23       2     3    25   219
   24      21    54    37    22
   25       7     0   205   217
   26      75    62   202   224
   27     115   112   204   230
   28     100   105   104   217
   29      62    59     4   211
   30     127   109    76   195
   31     125   126   178   223
   32       4     3    13   211
   33      40    53    19    52
   34      24    43     0   205
   35     126   143   159   203
   36      77   115   204   230
   37       4    59    26   211
   38     211   209   216   234
   39     200   207   215   231
   40     168   177   178   203
   41     219   205   228   241
   42     124    90   223   224
   43     126    90   143   232
   44     112    34    30   204
   45      19    17    52   231
   46     130   214   141   157
   47     125   124    90   223
   48      69    36    39    51
   49     200    20   208   227
   50     204    66   218   230
   51     103   204   205   212
   52     115   118    95   230
   53      42    57    41     1
   54     165   164   238   239
   55      91    75   224   237
   56     152   186   172   214
   57     173   182   174   214
   58     207   212   213   228
   59      25    59    26    45
   60     134    95   118   230
   61     141   130   142   213
   62     148   147   213   225
   63      20    18    17   200
   64      61   108   201   232
   65      54    19    55   227
   66      88    89   197   234
   67     204   104   205   217
   68     206   209   223   224
   69      85   148   213   225
   70     103    77   204   212
   71     166   164   165   239
   72      69    36    51    35
   73     170   163   155   220
   74      52    55   200   227
   75     137    99    97   239
   76      12   200   208   211
   77      59    47     4    27
   78     208    13   211   226
   79     101   106    47   226
   80      13    12   208   211
   81     120   117   208   229
   82     183   153   213   225
   83     176   165   163   238
   84      99    83    81   227
   85      38    53    21    19
   86      13     4   211   226
   87       0     8   205   217
   88     149   165   238   239
   89      70    71    55   227
   90      33    34    16    15
   91      46    74   193   240
   92      85   207   228   241
   93      88   209   223   238
   94     200   207   209   215
   95     209    46   211   219
   96      79    78    80   231
   97      20    12    10   200
   98      88   207   209   238
   99     209    88   216   234
  100      13    29     5   226
  101      70    81   227   231
  102     203   210   223   232
  103     117    64   208   232
  104      47    62     4   226
  105     139   164   166   239
  106     123    86   220   225
  107      10    12    13   211
  108     101     5    29   226
  109       9     8   204   219
  110     185   130   157   214
  111      58    43   192   205
  112      15    31    30   204
  113     111    14    22   113
  114      21    22    20   208
  115     215   207   218   231
  116      46    42   219   235
  117      59    60   216   236
  118      54    21    19    20
  119      17    69    39    52
  120       8   204   205   217
  121     202    91    75   224
  122       3     1    11   219
  123     105   100    43   205
  124     114   113    63   226
  125      29    13    12   226
  126     110   104    49   217
  127       3    46    25   219
  128     166   132   139   210
  129     121    77   212   230
  130     135    94   207   218
  131      80    78    96   231
  132     134   121   212   230
  133     138    98   227   229
  134     131   132   203   210
  135      89    74   194   234
  136     112    66   204   230
  137     231   206   238   239
  138      89   193    74   240
  139     132   166   168   210
  140      46    42   235   240
  141     163   165   164   238
  142      65    63   208   226
  143     210   177   223   239
  144      25    42    45     2
  145      85    86   207   241
  146      15     9   204   215
  147      24     0    23   205
  148     122   129    92   203
  149      10    18    20   200
  150     209    88   234   240
  151     187   189   191   214
  152      10     9   215   219
  153      74    46   194   234
  154     204     8   205   219
  155      42    56    72   241
  156     151   140   127   213
  157      58   102   205   228
  158     190   173   191   214
  159     103    77   116   204
  160      52    70   227   231
  161     184   152   172   214
  162     170   162   220   222
  163     120   117   113   208
  164     118   121   134   230
  165     139   132   138   210
  166     185   157   199   214
  167     207   206   209   238
  168      86    73   196   240
  169      98    82   227   229
  170     133   161   145   203
  171     109   192    58    76
  172      79    68    78   231
  173       8     1   205   219
  174      64    61   208   232
  175      68    69    51    35
  176      24     2    41     1
  177     204    16   215   218
  178      93   121   107   212
  179     113    22   208   226
  180     152   144   185   214
  181     204   207   219   228
  182     207    85   213   225
  183     106    65   208   226
  184      94   135   207   220
  185      74    46   234   240
  186     108    64    92   232
  187      19    17    39    52
  188     205   204   219   228
  189     180   181   198   203
  190      34    33    16    35
  191      68    51    50    35
  192     109   127   212   228
  193      78    68   218   231
  194      40    19    39    52
  195     147   183   213   225
  196     190   191   189   214
  197      34    16    66    68
  198     160    93   144   213
  199      82   120   208   227
  200     142    93   107   212
  201     129   161   128   203
  202      11    10   211   215
  203      12    10   200   211
  204     125   150   223   238
  205     206   200   208   227
  206      65    48    63   226
  207      62    59   211   216
  208      69    39    52    51
  209     115   121   118   230
  210      53    19    52    55
  211      53    21    54    37
  212     208   206   227   229
  213     126   203   223   232
  214      97    99   206   239
  215     111    14   113   226
  216      93   134   121   212
  217     180   179   158   203
  218     124    90   224   237
  219      99   206   227   231
  220     141   189   157   214
  221      59   211   216   234
  222     213   154   220   225
  223      72    84   228   241
  224     129   128   159   203
  225     181   161   198   203
  226     216   224   236   237
  227      95    94   218   230
  228     141   190   189   214
  229      65   106   101   226
  230      53    40    19    39
  231     192    72   195   228
  232      38    53    19    39
  233     128   179   159   203
  234     201    91   224   232
  235      69    36    17    39
  236      17    19   200   231
  237     148   127    85   213
  238     112    30    32   204
  239       7   100    28   217
  240     206   200   227   231
  241      98   138   131   229
  242      54   111    22   113
  243      73    56   235   241
  244     156   137   238   239
  245     104   105   205   217
  246      42    46   193   240
  247      99    97   206   231
  248      42    57   219   235
  249     206   208   224   232
  250     147   148   221   225
  251     148   123   221   225
  252     154   153   220   225
  253     206   210   229   232
  254     104   110   100   217
  255     109   195   192    76
  256      42    45     2    41
  257      17    18    16   215
  258     207   204   212   228
  259     177   223   149   178
  260     209    46   219   240
  261      21    54    19    55
  262      53    21    19    55
  263      21    53    54    55
  264      46     3   211   219
  265     116    77   112   204
  266      31    49   204   217
  267     138    83    99   227
  268      99   206   210   227
  269     170   155   136   220
  270      89   194   197   234
  271     194    87   197   216
  272      64    65   208   233
  273     100     7   205   217
  274      92   143   108   232
  275     177   168   166   210
  276     154   134   160   213
  277     112    77   115   204
  278     137    97   238   239
  279       9    15    10   215
  280     113   117    63   208
  281      34    15    30   204
  282     120    82    98   229
  283     206   210   223   239
  284     129   159   143   203
  285     124    88   197   216
  286       2    42    41     1
  287      92   117   229   232
  288     183   147   221   225
  289     206   200   209   224
  290      49    28   110   217
  291      19    52   200   231
  292     126   143   203   232
  293     207    88   220   238
  294      88    89   234   240
  295     200   207   231   238
  296      94   154   136   220
  297     122   145   203   119
  298      71    54    55   227
  299     206   200   231   238
  300     228   207   235   241
  301      95   134    94   230
  302     205    72   228   241
  303      11    10   215   219
  304      11     8    10   219
  305     207   213   220   225
  306      14   111   114   226
  307     149   125   223   238
  308      57    72   205   241
  309     104   116    49   217
  310      12    13   208   226
  311      69    17    68   231
  312      46     3    25   211
  313     183   152   184   214
  314      91    90   224   232
  315     216   124   223   224
  316     132   145   131   203
  317     167   132   166   168
  318      93   134   212   213
  319      70    79    80   231
  320      17   200   215   231
  321     115    66   112   230
  322       3     4    26   211
  323     208    62   211   224
  324     190   141   213   214
  325      60    87   194   216
  326      42    72    57   241
  327       6    47     4   226
  328     216   124   224   237
  329      59    25    26   211
  330      88   209   216   223
  331     143    92   203   232
  332       9    10     8   219
  333     209   211   216   224
  334     193    89   196   240
  335      20    54   208   227
  336     156   155   164   238
  337     108   143   201   232
  338     126   178   168   179
  339      90   223   224   232
  340     202    61   208   233
  341     170   136   153   220
  342      78    66    67   218
  343      90   126   223   232
  344     220   175   221   222
  345     204   207   215   219
  346      18    10    15   215
  347      46    25    42    45
  348      77   204   212   230
  349     151   127   148   213
  350      95    96    67   218
  351     126   203   210   223
  352     124    88   216   223
  353       5     4    13   226
  354      18    15    16   215
  355     190   141   151   213
  356     219   228   235   241
  357     153   183   222   225
  358      54    82   208   227
  359      65   106   208   233
  360     117   122    92   229
  361     177   166   165   239
  362     206   200   207   209
  363      85   127   195   228
  364     138    99   210   227
  365     149   125   178   223
  366      86    85    84   241
  367      57    24    41     1
  368      70    55    52   227
  369     200   206   207   238
  370     220   135   231    97
  371      63   113   208   226
  372     202   201   224   232
  373      61   202   224   232
  374      54    71    82   227
  375      81    83    71   227
  376      84    85   228   241
  377      48    29    14   226
  378     220    97   231   238
  379     120   208   227   229
  380     130   185   144   214
  381     211    62   216   224
  382     129   122   146   203
  383     130    93   142   213
  384     163   155   220   238
  385      63   117    65   208
  386     231   135    96    97
  387      46    25    59   211
  388     134   154    94   213
  389     209   211   215   219
  390     147   151   148   213
  391     116   112    32   204
  392     132   168   203   210
  393     138    98    83   227
  394      75    62   224   236
  395      30    31    32   204
  396     123    85    86   225
  397      72    84   195   228
  398     107    77   103   212
  399      62    59    47     4
  400     203   122   119   229
  401      83    82    71   227
  402     138   139   210   239
  403      86    88   207   240
  404      94   207   218   230
  405     122   145   146   203
  406     161   181   128   203
  407      73   193   196   240
  408      66    67   218   230
  409     117    64    65   208
  410      86   207   235   240
  411     207   204   215   218
  412     177   178   203   210
  413       1    57   205   219
  414     207    94   212   230
  415     128   181   158   203
  416      94   134   212   230
  417     152   185   186   214
  418     160   153   183   152
  419     137   135   136   220
  420      19    52    55   200
  421     150    88   223   238
  422      55    19   200   227
  423     175   150   176   220
  424      97   135   137   220
  425     102   109   212   228
  426      43     0   100    44
  427     204   205   212   228
  428     130   144    93   213
  429      96    78    67   218
  430     187   188   199   214
  431      94    96    95   218
  432     142   140   141   213
  433       9   204   215   219
  434      59     4    26    27
  435      47     6     4    27
  436       4     6    26    27
  437      26    59    27    45
  438      94   207   213   220
  439      57   205   219   241
  440      57    24     1   205
  441      43    24    57   205
  442     116   104   204   217
  443     231   135   218    96
  444      81    71    70   227
  445     205   102   212   228
  446     200   209   211   215
  447     154    94   213   220
  448      88    86   207   220
  449       3    11   211   219
  450     131   119    98   229
  451      69    68    79   231
  452     164   155   163   238
  453      72   192   205   228
  454     142    93   212   213
  455     176   149   165   238
  456     206    99   210   239
  457     183   160   144   213
  458      46    59   194   234
  459      56    42   235   241
  460      48    65   101   226
  461      34   112    30    32
  462      95    67   115   230
  463     161   133   198   203
  464      43    24     0    44
  465      47     6     5   226
  466     223   149   238   239
  467      64   108    61   232
  468     156   138    99   239
  469      86   207   220   225
  470      24     2     1    23
  471      54    21    20   208
  472      59    60   194   216
  473      16   215   218   231
  474      81    97    99   231
  475     204   104   103   205
  476      15    31   204   217
  477      22    12   208   226
  478      17    16    68   231
  479      56    42   193   235
  480     208   106    62   233
  481      68    16   218   231
  482      92    64   117   232
  483      62   202   208   233
  484     105   103   104   205
  485     172   174   171   214
  486     123   175   221   225
  487     113    54   120   208
  488     223   177   149   239
  489       8     9   204   217
  490     105   100   205   217
  491     176   150   125   238
  492     143    90   201   232
  493     197   194   216   234
  494       0     8     1   205
  495     204   207   212   218
  496      19    20   200   227
  497      96    78   218   231
  498     175   150   220   123
  499     147   190   213   214
  500      62   216   224   236
  501      88    86   196   240
  502     150    88   124   223
  503     127    85   213   228
  504     212   127   213   228
  505      13    11    10   211
  506      20    12   200   208
  507       9    15   204   217
  508     135   207   231   218
  509     207   212   218   230
  510     219    46   235   240
  511      47     5   101   226
  512      42    57   235   241
  513      69    79    52   231
  514      66    34   112   204
  515      82   120   227   229
  516      11     1     8   219
  517     211    11   215   219
  518      89    88   196   240
  519     190   182   173   214
  520      94    96   218   135
  521       3    11    13   211
  522      85   123   148   225
  523     210   138   227   229
  524      16    34    66   204
  525     150    86    88   220
  526     133   169   198   203
  527     178   126   203   210
  528     171   184   172   214
  529      48   101    29   226
  530     170   162   163   220
  531      62   208   211   226
  532     109   192   228    58
  533     120    54    82   208
  534     190   147   182   214
  535     147   171   182   214
  536     220   153   222   225
  537     106   208    62   226
  538      84    73    86   241
  539     208   206   229   232
  540     200   206   208   224
  541     181   180   158   203
  542      14   114    48   226
  543     160   183   144   152
  544     174   182   171   214
  545     157   187   199   214
  546     130   144   213   214
  547       2     1     3   219
  548      87   216   236   237
  549     144   183   213   214
  550      10    18   200   215
  551      14    29    12   226
  552      73    56   193   235
  553      58   109   102   228
  554      48   114    63   226
  555      80    96    97   231
  556     162   176   163   220
  557      14    12    22   226
  558     168   177   203   210
  559      81    80    97   231
  560      52    79    70   231
  561     187   157   189   214
  562     188   186   199   214
  563      97   206   231   239
  564     160   153   154   213
  565      42   193   235   240
  566     200    52   227   231
  567      62    47   106   226
  568     186   185   199   214
  569     174   186   188   214
  570     183   184   171   214
  571     153   160   183   213
  572     125   149   176   238
  573      84    56    73   241
  574     152   183   184   153
  575     214   130   141   213
  576     171   147   183   214
  577     207   220   231   238
  578     109   127   140   213
  579     207   209   235   240
  580      86    85   207   225
  581      56    84    72   241
  582     178   126   210   223
  583     203    92   229   232
  584     188   191   174   214
  585     194    59   216   234
  586     136   135    94   220
  587     126   159   179   203
  588     164   139   156   239
  589     127   109   195   228
  590     172   186   174   214
  591     105   102   103   205
  592     131   138   210   229
  593      82    83    98   227
  594     119   117   120   229
  595       1    24    23   205
  596      17    69    52   231
  597      67    66   115   230
  598      73    86   235   240
  599      86    73   235   241
  600     207   219   228   235
  601      61   201   202   232
  602      25    46    59    45
  603      49    31    28   217
  604     105    58   102   205
  605     156    99   137   239
  606     221   220   222   225
  607      78    68    66   218
  608      90    91   201   232
  609      18    17   200   215
  610     202    62   208   224
  611     137   155   156   238
  612      49    32    31   204
  613     154   153   136   220
  614     137   136   155   220
  615     207    88   209   240
  616      86   150   123   220
  617     120    98   119   229
  618      16    15   204   215
  619      84    85   195   228
  620      89    74   234   240
  621      42    57     1   219
  622     149   177   165   239
  623     138   156   139   239
  624     127   109   212   213
  625     209   206   223   238
  626      61    64   208   233
  627       3    26    25   211
  628     103   109   107   212
  629     100   110    28   217
  630     140   151   141   213
  631      46   209   234   240
  632     183   147   213   214
  633      67    95   218   230
  634       6     4     5   226
  635      60    87   216   236
  636      81    99   227   231
  637       0    43   100   205
  638      25    46    42   219
  639      93   160   134   213
  640     150   124   125   223
  641     168   126   179   203
  642     188   187   191   214
  643     169   132   168   203
  644     105    43    58   205
  645     207   209   219   235
  646     183   221   222   225
  647      25    42     2   219
  648      39    40    52    51
  649      16    17    68    35
  650      33    34    15    30
  651     109   142   212   213
  652     143    92   129   203
  653      81    70    80   231
  654     162   176   220   175
  655     169   168   180   203
  656     169   133   132   203
  657      34    16    68    35
  658      34    68    50    35
  659      36    69    17    35
  660      17    69    68    35
  661     192    58   205   228
  662     161   129   146   203
  663     145   161   146   203
  664     179   128   158   203
  665     175   220   221   225
  666     145   132   133   203
  667     169   180   198   203
  668     119   131   145   203
  669     200   208   211   224
  670     104   204   103   116
  671     142   107   109   212
  672     119   131   203   229
  673      57    72   192   205
  674      23     0     1   205
  675     212   204   218   230
  676      88   150   220   238
  677     121    77   107   212
  678     155   137   220   238
  679      57   219   235   241
  680      61   202   208   224
  681      87   124   216   237
  682     209   216   223   224
  683      16    66    68   218
  684     210   203   229   232
  685      10   200   211   215
  686     122   117   119   229
  687     220   162   175   222
  688     132   131   138   210
  689       2    42     1   219
  690     209   219   235   240
  691     117   208   229   232
  692       0   100     7   205
  693     224    75   236   237
  694     137    97   220   238
  695     150   176   220   238
  696      66    16   204   218
  697      85   207   213   228
  698      49   116   204   217
  699      92   122   203   229
  700     139   166   210   239
  701     207   135   231   220
  702     153   170   220   222
  703     203   131   210   229
  704     177   178   210   223
  705     151   147   190   213
  706     209   200   211   224
  707     121   115    77   230
  708      90    91   224   237
  709     206   210   227   229
  710     206   223   238   239
  711     166   177   210   239
  712      22    12    20   208
  713      19    54    20   227
  714      88   197   216   234
  715     223   206   224   232
  716      97   231   238   239
  717      46   209   211   234
  718      91   202   201   224
  719     140   142   109   213
  720      59    46   211   234
  721      22    54   113   208
  722     178   126   168   203
  723      14    22   113   226
  724      99   138   210   239
  725      34    16    15   204
  726     208    61   224   232
  727     102   109   103   212
  728      94   207   212   213
  729      62    59   216   236
  730     207   209   215   219
  731      16    17   215   231
# Generated by tetgen -e -pq ditto.ply 
