1179  1
    0    205   192  0
    1    205    43  0
    2     57    43  1
    3     57   192  0
    4     57   205  0
    5     43   192  0
    6    168   169  0
    7    168   132  0
    8    167   132  1
    9    167   169  1
   10    167   168  1
   11    132   169  0
   12    216   197  0
   13    216    87  0
   14    124    87  1
   15    124   197  0
   16    124   216  0
   17     87   197  1
   18    213   212  0
   19    213   134  0
   20     94   134  1
   21     94   212  0
   22     94   213  0
   23    134   212  0
   24    203   180  0
   25    203   168  0
   26    179   168  1
   27    179   180  0
   28    179   203  0
   29    168   180  1
   30    200    17  0
   31    200    19  0
   32     20    19  0
   33     20    17  0
   34     20   200  0
   35     19    17  0
   36    232   223  0
   37    232   210  0
   38    206   210  0
   39    206   223  0
   40    206   232  0
   41    210   223  0
   42    204    49  0
   43    204   116  0
   44     32   116  0
   45     32    49  1
   46     32   204  0
   47    116    49  0
   48    241   235  0
   49    241   207  0
   50     86   207  0
   51     86   235  0
   52     86   241  0
   53    207   235  0
   54     22    37  0
   55     22    54  0
   56    111    54  0
   57    111    37  1
   58    111    22  1
   59     54    37  1
   60    214   152  0
   61    214   183  0
   62    144   183  0
   63    144   152  0
   64    144   214  0
   65    183   152  0
   66    225   213  0
   67    225   153  0
   68    154   153  1
   69    154   213  0
   70    154   225  0
   71    153   213  0
   72    208    22  0
   73    208    21  0
   74     54    21  0
   75     54   208  0
   76     21    22  1
   77    238   220  0
   78    238   176  0
   79    163   176  1
   80    163   220  0
   81    163   238  0
   82    176   220  0
   83    225   123  0
   84    225   220  0
   85    175   220  0
   86    175   123  1
   87    175   225  0
   88    220   123  0
   89    226   111  0
   90    226   113  0
   91    114   113  0
   92    114   111  1
   93    114   226  0
   94    113   111  1
   95    226   211  0
   96    226     4  0
   97     62     4  0
   98     62   211  0
   99     62   226  0
  100      4   211  0
  101    240   235  0
  102    240   193  0
  103     73   193  0
  104     73   235  0
  105     73   240  0
  106    193   235  0
  107    214   173  0
  108    214   174  0
  109    191   174  0
  110    191   173  1
  111    191   214  0
  112    174   173  1
  113    212   205  0
  114    212   102  0
  115    103   102  1
  116    103   205  0
  117    103   212  0
  118    102   205  0
  119    228   192  0
  120    228   195  0
  121    109   195  0
  122    109   192  0
  123    109   228  0
  124    195   192  0
  125    223    90  0
  126    223   126  0
  127    125   126  1
  128    125    90  0
  129    125   223  0
  130    126    90  1
  131    239   238  0
  132    239   164  0
  133    156   164  1
  134    156   238  0
  135    156   239  0
  136    164   238  0
  137    219    25  0
  138    219     2  0
  139      3     2  0
  140      3    25  0
  141      3   219  0
  142      2    25  1
  143     21    37  1
  144    217   205  0
  145    217     7  0
  146      0     7  1
  147      0   205  0
  148      0   217  0
  149      7   205  0
  150    224   202  0
  151    224    75  0
  152     62    75  1
  153     62   202  0
  154     62   224  0
  155     75   202  1
  156    230   204  0
  157    230   115  0
  158    112   115  1
  159    112   204  0
  160    112   230  0
  161    115   204  0
  162    217   104  0
  163    217   100  0
  164    105   100  0
  165    105   104  1
  166    105   217  0
  167    100   104  0
  168     59    62  1
  169     59     4  0
  170     59   211  0
  171    195    76  1
  172    195   127  0
  173    109   127  0
  174    109    76  1
  175    127    76  1
  176    223   178  0
  177    126   178  1
  178    125   178  0
  179    211    13  0
  180      3     4  0
  181      3    13  0
  182      3   211  0
  183      4    13  0
  184     52    19  0
  185     52    40  1
  186     53    40  1
  187     53    19  0
  188     53    52  0
  189     40    19  0
  190    205    24  0
  191     43    24  0
  192     43     0  0
  193     24     0  0
  194    203   159  0
  195    203   126  0
  196    143   126  0
  197    143   159  1
  198    143   203  0
  199    126   159  1
  200    230    77  0
  201    115    77  1
  202     77   204  0
  203    211    26  0
  204     59    26  0
  205      4    26  0
  206    234   216  0
  207    234   211  0
  208    209   211  0
  209    209   216  0
  210    209   234  0
  211    211   216  0
  212    231   215  0
  213    231   200  0
  214    207   200  0
  215    207   215  0
  216    207   231  0
  217    200   215  0
  218    203   178  0
  219    177   168  1
  220    177   178  1
  221    177   203  0
  222    168   178  0
  223    241   228  0
  224    241   219  0
  225    205   219  0
  226    205   228  0
  227    205   241  0
  228    219   228  0
  229    224   223  0
  230    224   124  0
  231     90   124  1
  232     90   224  0
  233    124   223  0
  234    232   143  0
  235    232   126  0
  236     90   143  1
  237     90   232  0
  238    204    30  0
  239     34   112  0
  240     34    30  0
  241     34   204  0
  242    112    30  0
  243    231    52  0
  244    231    19  0
  245     17    52  0
  246     17   231  0
  247    157   141  0
  248    157   130  1
  249    214   130  0
  250    214   141  0
  251    214   157  0
  252    130   141  1
  253    124   125  1
  254     51    39  0
  255     51    69  1
  256     36    69  0
  257     36    39  1
  258     36    51  1
  259     69    39  0
  260    227   208  0
  261    227   200  0
  262     20   208  0
  263     20   227  0
  264    200   208  0
  265    230   218  0
  266     66   204  0
  267     66   218  0
  268     66   230  0
  269    204   218  0
  270    204   103  0
  271    204   205  0
  272    204   212  0
  273    230    95  0
  274    118   115  1
  275    118    95  1
  276    118   230  0
  277    115    95  0
  278      1    41  0
  279      1    42  0
  280     57    42  1
  281     57    41  0
  282     57     1  0
  283     42    41  1
  284    239   165  0
  285    164   165  1
  286    165   238  0
  287    237   224  0
  288    237    91  1
  289     75    91  1
  290     75   237  0
  291     91   224  0
  292    214   172  0
  293    186   152  0
  294    186   172  1
  295    186   214  0
  296    152   172  1
  297    182   173  1
  298    182   174  0
  299    182   214  0
  300    228   213  0
  301    228   207  0
  302    212   207  0
  303    212   228  0
  304    207   213  0
  305     45    26  0
  306     45    25  1
  307     59    25  0
  308     59    45  0
  309     25    26  1
  310    230   134  0
  311     95   134  0
  312    134   118  1
  313    213   142  0
  314    213   141  0
  315    130   142  1
  316    130   213  0
  317    141   142  0
  318    225   148  0
  319    147   148  1
  320    147   213  0
  321    147   225  0
  322    148   213  0
  323     18    20  0
  324     18    17  0
  325     18   200  0
  326    232   201  0
  327    232    61  0
  328    108    61  1
  329    108   201  1
  330    108   232  0
  331     61   201  0
  332    227    55  0
  333    227    54  0
  334     19    54  0
  335     19    55  0
  336     19   227  0
  337     54    55  1
  338    234   197  0
  339    234    88  0
  340     89    88  1
  341     89   197  1
  342     89   234  0
  343     88   197  0
  344    217   204  0
  345    104   204  0
  346    104   205  0
  347    224   206  0
  348    209   206  0
  349    209   223  0
  350    209   224  0
  351    225    85  0
  352    148    85  1
  353     85   213  0
  354     77   103  1
  355     77   212  0
  356    239   166  0
  357    164   166  1
  358    166   165  0
  359     35    51  0
  360     35    69  0
  361     36    35  1
  362    220   155  0
  363    220   170  0
  364    163   170  0
  365    163   155  1
  366    170   155  1
  367    227    52  0
  368     55    52  1
  369     55   200  0
  370     52   200  0
  371    239    97  0
  372    239   137  0
  373     99   137  0
  374     99    97  1
  375     99   239  0
  376    137    97  1
  377    211   208  0
  378    211    12  0
  379    200    12  0
  380    200   211  0
  381     12   208  0
  382     27     4  0
  383     27    59  1
  384     47    59  0
  385     47     4  0
  386     47    27  1
  387    226   208  0
  388     13   208  0
  389     13   226  0
  390    226    47  0
  391    226   101  0
  392    106   101  1
  393    106    47  0
  394    106   226  0
  395    101    47  1
  396     12    13  0
  397    229   208  0
  398    229   120  0
  399    117   120  1
  400    117   208  0
  401    117   229  0
  402    120   208  0
  403    225   183  0
  404    153   183  1
  405    183   213  0
  406    165   176  0
  407    165   163  1
  408    227    81  0
  409    227    99  0
  410     83    99  0
  411     83    81  1
  412     83   227  0
  413     99    81  1
  414     19    21  0
  415     19    38  0
  416     53    38  1
  417     53    21  0
  418     38    21  1
  419      8     0  0
  420      8   205  0
  421      8   217  0
  422    239   149  0
  423    165   149  1
  424    149   238  0
  425    227    70  0
  426     71    70  1
  427     71    55  1
  428     71   227  0
  429     70    55  0
  430     15    16  0
  431     15    33  0
  432     34    33  1
  433     34    16  0
  434     34    15  0
  435     33    16  0
  436    240    46  0
  437     74    46  1
  438     74   193  1
  439     74   240  0
  440     46   193  0
  441    241    85  0
  442    207    85  0
  443     85   228  0
  444    238   223  0
  445    238    88  0
  446    209    88  0
  447    209   238  0
  448     88   223  0
  449    215   209  0
  450    207   209  0
  451    200   209  0
  452    219   211  0
  453    219   209  0
  454     46   209  0
  455     46   211  0
  456     46   219  0
  457    231    80  0
  458    231    79  0
  459     78    79  1
  460     78    80  0
  461     78   231  0
  462     79    80  1
  463    200    10  0
  464     12    20  0
  465     12    10  0
  466     20    10  0
  467    207    88  0
  468    207   238  0
  469     88   216  0
  470    226     5  0
  471     29    13  0
  472     29     5  1
  473     29   226  0
  474     13     5  0
  475    231   227  0
  476    231    70  0
  477     81    70  1
  478     81   231  0
  479    232   203  0
  480    210   203  0
  481    203   223  0
  482    232   208  0
  483    232   117  0
  484     64   117  1
  485     64   208  0
  486     64   232  0
  487     62    47  1
  488    239   139  0
  489    164   139  0
  490    139   166  1
  491     86   123  1
  492     86   220  0
  493     86   225  0
  494    211    10  0
  495     10    13  0
  496      5   101  1
  497    101    29  0
  498    219   204  0
  499    219     9  0
  500      8     9  0
  501      8   204  0
  502      8   219  0
  503      9   204  0
  504    214   185  0
  505    130   185  0
  506    185   157  1
  507    205    58  0
  508     43    58  1
  509     58   192  1
  510    204    15  0
  511     31    15  0
  512     31    30  1
  513     31   204  0
  514     15    30  0
  515    113    22  0
  516     14   111  0
  517     14    22  1
  518     14   113  0
  519     22    20  0
  520     21    20  0
  521    231   218  0
  522    207   218  0
  523    215   218  0
  524    235   219  0
  525    235    46  0
  526     42    46  1
  527     42   219  0
  528     42   235  0
  529    236   216  0
  530    236    59  0
  531     60    59  1
  532     60   216  0
  533     60   236  1
  534     59   216  0
  535     20    54  0
  536     52    39  0
  537     69    17  0
  538     69    52  1
  539     17    39  0
  540     91   202  0
  541    219    11  0
  542      1     3  0
  543      1    11  0
  544      1   219  0
  545      3    11  0
  546    205   105  0
  547    100    43  0
  548    100   205  0
  549    105    43  1
  550    226    63  0
  551    113    63  1
  552    114    63  1
  553    226    12  0
  554     29    12  0
  555    217    49  0
  556    217   110  0
  557    104   110  1
  558    104    49  0
  559    110    49  1
  560     46     3  0
  561     46    25  0
  562    210   139  0
  563    210   166  0
  564    132   166  0
  565    132   139  1
  566    132   210  0
  567    230   212  0
  568    230   121  0
  569     77   121  1
  570    121   212  0
  571    218   135  0
  572     94   135  1
  573     94   207  0
  574     94   218  0
  575    135   207  0
  576    231    96  0
  577     78    96  1
  578     80    96  1
  579    121   134  0
  580    229   227  0
  581    229   138  0
  582     98   138  0
  583     98   227  0
  584     98   229  0
  585    138   227  0
  586    210   131  0
  587    132   131  1
  588    132   203  0
  589    131   203  0
  590    234   194  0
  591     74    89  1
  592     74   194  1
  593     74   234  0
  594     89   194  0
  595     66   112  1
  596    239   231  0
  597    206   231  0
  598    206   238  0
  599    206   239  0
  600    231   238  0
  601    240    89  0
  602    193    89  0
  603    210   168  0
  604    166   168  0
  605     42   240  0
  606    163   164  0
  607    226    65  0
  608     63    65  1
  609     63   208  0
  610     65   208  0
  611    239   223  0
  612    239   210  0
  613    177   210  0
  614    177   223  0
  615    177   239  0
  616      2    45  0
  617     42    25  0
  618     42    45  0
  619     42     2  0
  620     86    85  1
  621    215   204  0
  622    215    15  0
  623      9    15  0
  624      9   215  0
  625    205    23  0
  626      0    23  1
  627     24    23  1
  628    203    92  0
  629    203   122  0
  630    129   122  0
  631    129    92  1
  632    129   203  0
  633    122    92  1
  634     18    10  0
  635    240   234  0
  636    240   209  0
  637     88   240  0
  638    214   187  0
  639    189   187  1
  640    189   191  1
  641    189   214  0
  642    187   191  0
  643    219   215  0
  644    219    10  0
  645      9    10  0
  646     10   215  0
  647     46   194  0
  648     46   234  0
  649    241    72  0
  650    241    42  0
  651     56    42  1
  652     56    72  1
  653     56   241  0
  654     42    72  0
  655    213   127  0
  656    213   151  0
  657    140   151  0
  658    140   127  1
  659    140   213  0
  660    151   127  1
  661    228    58  0
  662    102    58  1
  663    102   228  0
  664    214   190  0
  665    173   190  1
  666    190   191  0
  667     77   116  0
  668    103   116  0
  669     70    52  1
  670    214   184  0
  671    152   184  0
  672    184   172  1
  673    222   220  0
  674    222   170  0
  675    162   170  1
  676    162   220  0
  677    162   222  1
  678    208   113  0
  679    117   113  0
  680    120   113  1
  681    121   118  1
  682    210   138  0
  683    132   138  0
  684    139   138  1
  685    214   199  0
  686    157   199  0
  687    185   199  1
  688    206   207  0
  689    240   196  0
  690    240    86  0
  691     73    86  1
  692     73   196  1
  693     86   196  0
  694     82    98  1
  695     82   227  0
  696     82   229  0
  697    203   145  0
  698    203   133  0
  699    161   133  1
  700    161   145  0
  701    161   203  0
  702    133   145  1
  703     76    58  1
  704    192    76  0
  705    109    58  0
  706     68    79  0
  707     68    78  1
  708     68   231  0
  709      1     8  0
  710      1   205  0
  711     61    64  1
  712     61   208  0
  713     35    68  0
  714     69    68  1
  715     68    51  0
  716      1    24  0
  717      2    24  0
  718      2    41  1
  719      2     1  0
  720     24    41  1
  721     16   204  0
  722     16   215  0
  723     16   218  0
  724    212   107  0
  725    212    93  0
  726    121    93  1
  727    121   107  1
  728     93   107  0
  729     22   226  0
  730    144   185  1
  731    152   185  1
  732    228   204  0
  733    207   204  0
  734    207   219  0
  735    225   207  0
  736     65   106  1
  737    106   208  0
  738    220   207  0
  739    220    94  0
  740    135   220  0
  741    232    92  0
  742     64   108  0
  743     64    92  0
  744    108    92  1
  745     19    39  0
  746    203   198  0
  747    181   180  0
  748    181   198  1
  749    181   203  0
  750    180   198  0
  751     35    16  0
  752     35    34  0
  753     33    35  1
  754     35    50  1
  755     51    50  1
  756     68    50  1
  757    127   212  0
  758    127   228  0
  759    109   212  0
  760     68   218  0
  761     78   218  0
  762     40    39  1
  763    183   147  1
  764    190   189  1
  765     68    66  1
  766     68    34  0
  767     16    66  0
  768     16    68  0
  769     34    66  1
  770    213   144  0
  771    213   160  0
  772     93   160  0
  773     93   144  1
  774     93   213  0
  775    160   144  1
  776    120    82  1
  777    120   227  0
  778     82   208  0
  779    212   142  0
  780     93   142  1
  781    142   107  1
  782    203   128  0
  783    161   129  0
  784    161   128  1
  785    129   128  1
  786    215   211  0
  787    215    11  0
  788     10    11  0
  789     11   211  0
  790    238   125  0
  791    150   125  1
  792    150   223  0
  793    150   238  0
  794    227   206  0
  795    200   206  0
  796    206   208  0
  797     48    65  0
  798     48    63  0
  799     48   226  0
  800    216    62  0
  801     51    52  0
  802    121   115  0
  803     55    53  1
  804     37    53  1
  805     53    54  0
  806    206   229  0
  807     99   206  0
  808     97   206  0
  809     14   226  0
  810    134    93  1
  811    203   158  0
  812    179   158  1
  813    180   158  1
  814    237   124  0
  815     90   237  0
  816    231    99  0
  817    189   141  1
  818    189   157  1
  819    234    59  0
  820    154   220  0
  821    213   220  0
  822     84    72  1
  823     84   228  0
  824     84   241  0
  825     72   228  0
  826    128   159  1
  827    129   159  0
  828    161   181  1
  829    161   198  0
  830    237   236  0
  831    237   216  0
  832    224   216  0
  833    224   236  0
  834     94    95  1
  835     94   230  0
  836     95   218  0
  837    190   141  0
  838     65   101  0
  839     39    53  0
  840     72   192  1
  841     72   195  0
  842     39    38  1
  843    179   128  0
  844    179   159  1
  845    232   224  0
  846     91   201  1
  847     91   232  0
  848    201   224  0
  849     36    17  0
  850    127   148  0
  851    127    85  1
  852     30    32  1
  853    112    32  1
  854    217    28  0
  855    100     7  0
  856    100    28  0
  857      7    28  1
  858    229   131  0
  859    138   131  1
  860     98   131  1
  861    113    54  1
  862    241    73  0
  863     56    73  1
  864     56   235  0
  865    137   156  1
  866    137   238  0
  867     42   193  0
  868     97   231  0
  869     57   219  0
  870     57   235  0
  871    208   224  0
  872    225   221  0
  873    148   221  0
  874    147   221  1
  875    123   148  1
  876    123   221  0
  877    153   220  0
  878    232   229  0
  879    210   229  0
  880    110   100  1
  881     45    41  1
  882    215    17  0
  883     18    16  0
  884     18   215  0
  885     17    16  0
  886    178   149  1
  887    223   149  0
  888    177   149  0
  889    240   219  0
  890     55    21  0
  891     77   112  0
  892    116   112  1
  893    217    31  0
  894     49    31  0
  895     83   138  1
  896    138    99  1
  897    227   210  0
  898     99   210  0
  899    220   136  0
  900    155   136  0
  901    170   136  1
  902    194   197  0
  903    216   194  0
  904     87   194  0
  905    233   208  0
  906    233    64  0
  907     65    64  0
  908     65   233  0
  909    143    92  0
  910    143   108  1
  911    177   166  1
  912    134   154  0
  913    134   160  1
  914    154   160  1
  915     97   238  0
  916     15    10  0
  917    117    63  1
  918    120    98  0
  919    129   143  1
  920     88   124  1
  921    117    92  0
  922     92   229  0
  923    183   221  0
  924    200   224  0
  925     28    49  0
  926     28   110  1
  927     88   220  0
  928    238   200  0
  929    154    94  1
  930    154   136  1
  931     94   136  0
  932    119   203  0
  933    119   122  1
  934    145   122  0
  935    145   119  1
  936     54    71  0
  937    228   235  0
  938     72   205  0
  939      8    11  0
  940      8    10  0
  941     14   114  1
  942    125   149  1
  943    241    57  0
  944     72    57  1
  945    116   104  1
  946    116   217  0
  947    231    69  0
  948     17    68  0
  949    211    25  0
  950    183   184  0
  951     90    91  1
  952    216   223  0
  953    145   132  0
  954    145   131  1
  955    167   166  1
  956     79    70  1
  957     70    80  0
  958     66   115  0
  959      3    26  0
  960    224   211  0
  961     62   208  0
  962    214   213  0
  963    190   213  0
  964     87    60  1
  965     60   194  1
  966    226     6  0
  967     47     6  1
  968      6     4  0
  969     89   196  1
  970    193   196  0
  971    155   156  0
  972    155   164  1
  973    155   238  0
  974    143   201  0
  975    179   126  0
  976    178   179  1
  977    126   168  0
  978    233   202  0
  979     61   202  1
  980     61   233  1
  981    202   208  0
  982    136   153  0
  983    170   153  1
  984    218    67  0
  985     66    78  0
  986     66    67  1
  987     78    67  1
  988    222   221  0
  989    175   221  1
  990    175   222  0
  991    220   221  0
  992     18    15  0
  993     45    46  1
  994    151   148  1
  995     96    95  1
  996     96    67  0
  997     96   218  0
  998     95    67  1
  999    126   210  0
 1000      4     5  0
 1001    141   151  1
 1002    190   151  1
 1003    225   222  0
 1004    183   222  1
 1005    153   222  0
 1006     82    54  1
 1007    106   233  1
 1008    122   117  1
 1009    122   229  0
 1010    177   165  1
 1011     85   195  0
 1012     85    84  1
 1013     86    84  0
 1014     24    57  1
 1015     97   220  0
 1016    135   231  0
 1017    135    97  1
 1018    220   231  0
 1019    232   202  0
 1020    201   202  0
 1021     61   224  0
 1022     71    82  1
 1023     83    71  1
 1024     81    71  0
 1025     29    48  0
 1026     29    14  1
 1027     48    14  0
 1028    130   144  1
 1029    203   146  0
 1030    122   146  1
 1031    129   146  1
 1032     93   130  0
 1033    117    65  0
 1034     97    96  0
 1035    135    96  1
 1036     46    59  1
 1037    151   147  0
 1038     98    83  1
 1039    236    75  1
 1040     62   236  0
 1041     31    32  0
 1042     85   123  0
 1043     84   195  1
 1044     77   107  0
 1045    107   103  1
 1046    229   119  0
 1047    229   203  0
 1048     82    83  0
 1049    239   138  0
 1050    240   207  0
 1051     88    86  1
 1052    207   230  0
 1053    145   146  1
 1054    181   128  0
 1055     67   230  0
 1056    178   210  0
 1057    181   158  1
 1058    128   158  1
 1059    185   186  1
 1060    152   160  1
 1061    153   160  0
 1062    153   152  1
 1063    160   183  0
 1064    220   137  0
 1065    135   137  0
 1066    135   136  1
 1067    137   136  1
 1068     88   150  1
 1069    150   175  0
 1070    150   176  1
 1071    150   220  0
 1072    175   176  1
 1073    109   102  0
 1074     44   100  1
 1075     44    43  1
 1076      0   100  0
 1077      0    44  1
 1078    188   187  1
 1079    188   199  0
 1080    188   214  0
 1081    187   199  1
 1082     96    94  0
 1083    140   142  1
 1084    140   141  1
 1085     27    26  1
 1086      6    27  0
 1087      6    26  1
 1088     45    27  1
 1089    119   131  0
 1090    119    98  1
 1091     69    79  1
 1092    149   176  1
 1093     59   194  0
 1094     48   101  1
 1095     32    34  1
 1096     67   115  1
 1097    133   198  0
 1098     24    44  1
 1099      6     5  1
 1100     47     5  0
 1101    138   156  0
 1102    156    99  1
 1103     23     1  0
 1104      2    23  1
 1105    231    16  0
 1106     97    81  0
 1107    104   103  1
 1108    217    15  0
 1109     12    22  0
 1110     56   193  1
 1111    233    62  0
 1112    106    62  1
 1113    103   105  0
 1114    214   171  0
 1115    174   172  1
 1116    174   171  1
 1117    172   171  0
 1118     54   120  0
 1119      9   217  0
 1120    176   125  0
 1121     90   201  0
 1122      0     1  0
 1123    218   212  0
 1124    150   123  1
 1125    214   147  0
 1126    190   147  1
 1127     88   196  0
 1128    150   124  0
 1129     11    13  0
 1130     79    52  0
 1131    182   190  0
 1132     86   150  0
 1133    169   133  1
 1134    169   198  1
 1135    169   203  0
 1136    184   171  1
 1137    162   163  1
 1138    147   182  1
 1139    171   147  0
 1140    171   182  1
 1141     73    84  1
 1142    114    48  1
 1143    187   157  0
 1144    237    87  1
 1145     87   236  0
 1146     14    12  0
 1147     80    97  1
 1148    176   162  0
 1149     80    81  1
 1150    186   188  1
 1151    186   199  0
 1152    186   174  0
 1153    174   188  1
 1154    183   171  1
 1155     56    84  0
 1156    153   184  1
 1157    213   109  0
 1158    109   140  1
 1159    209   235  0
 1160    191   188  1
 1161    139   156  1
 1162    102   105  0
 1163    117   119  0
 1164    119   120  1
 1165     31    28  1
 1166     58   105  0
 1167    155   137  1
 1168    109   103  0
 1169    109   107  1
 1170     40    51  1
 1171     17    35  0
 1172     30    33  1
 1173    142   109  0
 1174    175   162  1
 1175    169   180  1
 1176    133   132  1
 1177     34    50  1
 1178    161   146  1
# Generated by tetgen -e -pq ditto.ply 
