242  3  0  0
   0    20.575806  -2.188037  26.205580000000001
   1    9.6010080000000002  -2.188037  26.205580000000001
   2    9.6010080000000002  -2.1880380000000001  35.159618000000002
   3    -1.3737919999999999  -2.188037  26.205580000000001
   4    -12.348482000000001  -2.188037  26.205580000000001
   5    -22.162889  -2.188037  25.239269
   6    -17.766169000000001  -2.1880380000000001  30.401019999999999
   7    21.092742999999999  -2.1880359999999999  22.373442000000001
   8    10.117946999999999  -2.1880359999999999  22.373442000000001
   9    10.808847  -2.1880350000000002  17.251546999999999
  10    -1.3737919999999999  -2.1880350000000002  17.251546999999999
  11    -1.3737919999999999  -2.1880359999999999  22.373442000000001
  12    -12.348482000000001  -2.1880350000000002  17.251546999999999
  13    -12.348482000000001  -2.1880359999999999  22.373442000000001
  14    -24.185457  -2.1880350000000002  17.251546999999999
  15    10.237795  -2.1880350000000002  13.017791000000001
  16    9.6010080000000002  -2.188034  8.2975089999999998
  17    -1.3737919999999999  -2.188034  8.2975089999999998
  18    -1.3737919999999999  -2.1880350000000002  13.017791000000001
  19    -12.348482000000001  -2.188034  8.2975089999999998
  20    -12.348482000000001  -2.1880350000000002  13.017791000000001
  21    -20.398415  -2.188034  9.2691440000000007
  22    -22.394838  -2.1880350000000002  13.477236
  23    15.453438  -2.1880380000000001  31.507947999999999
  24    17.798649000000001  2.980915  33.490124000000002
  25    -1.3737919999999999  -2.1880389999999998  36.969726999999999
  26    -12.348482000000001  -2.1880380000000001  35.159618000000002
  27    -13.911562  2.9715549999999999  37.653514999999999
  28    21.783646000000001  -2.1880350000000002  17.251546999999999
  29    -23.028504999999999  -2.1880359999999999  21.820689999999999
  30    18.609611999999998  -2.188034  10.232381999999999
  31    20.282962999999999  -2.1880350000000002  13.93266
  32    22.145879999999998  3.0583800000000001  9.2171109999999992
  33    14.212892999999999  -2.188034  5.650703
  34    16.381453  2.9675799999999999  3.9985940000000002
  35    9.6010080000000002  -2.1880320000000002  -1.66435
  36    -1.296009  -2.1880320000000002  -3.6911130000000001
  37    -24.974582999999999  3.2412719999999999  8.1021420000000006
  38    -16.880972  -2.1880329999999999  3.7207970000000001
  39    -11.638648  -2.1880320000000002  -1.3098030000000001
  40    -13.101997000000001  2.972423  -3.9310640000000001
  41    11.129984  3.0408390000000001  38.251677999999998
  42    10.056623999999999  9.1449090000000002  36.538784
  43    22.450232  9.1836380000000002  26.477819
  44    24.401257000000001  3.088822  27.452058999999998
  45    -1.3948780000000001  3.0385789999999999  40.316761
  46    -1.37788  9.1365160000000003  39.216693999999997
  47    -20.091370000000001  2.976397  32.226860000000002
  48    -27.186819  3.1482100000000002  22.447474
  49    24.066455999999999  3.0865649999999998  13.440695
  50    11.119441  2.9476789999999999  -4.0467240000000002
  51    -1.306014  2.952842  -6.4798340000000003
  52    -12.032511  9.1210290000000001  -1.9083209999999999
  53    -19.081807999999999  2.9767250000000001  1.7963309999999999
  54    -22.035941999999999  9.2991860000000006  10.230256000000001
  55    -17.461493999999998  9.1549169999999993  3.3027440000000001
  56    8.6074750000000009  15.619814999999999  34.179237000000001
  57    16.125188999999999  9.1520089999999996  31.917726999999999
  58    19.435206999999998  15.666401  25.365338999999999
  59    -12.793663  9.1325350000000007  35.723019000000001
  60    -11.239512  15.605937000000001  33.432296999999998
  61    -20.225742  15.70696  24.166405000000001
  62    -18.412852999999998  9.1429720000000003  30.768816000000001
  63    -24.941555000000001  9.3236059999999998  18.431677000000001
  64    -20.844239999999999  15.735576999999999  21.723600000000001
  65    -23.967495  9.2829390000000007  22.2624
  66    15.818360999999999  9.0784260000000003  4.5261570000000004
  67    13.817202999999999  15.563768  6.0396660000000004
  68    9.9678679999999993  9.1185550000000006  -1.89957
  69    -1.299021  9.1094120000000007  -4.1384930000000004
  70    -10.582394000000001  15.619928  2.084063
  71    -15.015691  15.653171  5.7103089999999996
  72    13.887024  15.620461000000001  30.133282000000001
  73    7.9355089999999997  17.679069999999999  33.426150999999997
  74    -1.3224739999999999  15.609056000000001  35.817863000000003
  75    -16.128640999999998  15.625947999999999  29.125692000000001
  76    18.133016999999999  18.044423999999999  25.508436
  77    19.176898999999999  15.648543  14.326947000000001
  78    8.5636890000000001  15.600455999999999  2.1135100000000002
  79    -1.2483500000000001  15.607125999999999  0.15001700000000001
  80    -1.2033799999999999  18.476375999999998  2.1753619999999998
  81    -10.066208  18.435493000000001  4.020473
  82    -19.181968999999999  15.733965  11.280298999999999
  83    -13.764926000000001  18.178905  6.634404
  84    13.074769  17.665406999999998  29.999407000000001
  85    11.989145000000001  22.751629000000001  28.109355999999998
  86    7.0508509999999998  22.899554999999999  30.858104999999998
  87    -10.30472  17.65239  32.917743999999999
  88    -1.562171  22.740224999999999  31.828793999999998
  89    -1.388531  17.533617  35.095168999999999
  90    -14.903912  22.033187999999999  27.135120000000001
  91    -15.501322999999999  17.666378000000002  29.019379000000001
  92    -21.562897  17.977938000000002  21.872136999999999
  93    18.267389000000001  23.105796999999999  15.085475000000001
  94    11.416478  23.536345000000001  9.3574909999999996
  95    13.34319  17.883482000000001  7.5841599999999998
  96    8.127008  18.309082  3.9932729999999999
  97    -1.220593  24.362694000000001  5.7398759999999998
  98    -18.542814  18.029903000000001  11.858479000000001
  99    -9.5244180000000007  24.267374  7.470275
 100    24.995224  3.098722  23.076744000000001
 101    -26.189198999999999  3.1277680000000001  26.351990000000001
 102    19.902441  15.670812  21.917784000000001
 103    20.526962000000001  15.676729999999999  17.309850999999998
 104    23.68346  9.2011769999999995  17.319310999999999
 105    22.978034999999998  9.1911699999999996  22.558167999999998
 106    -23.238614999999999  9.2526010000000003  25.128461999999999
 107    19.740525999999999  17.988159  16.950102000000001
 108    -20.428968000000001  17.862715000000001  24.584696000000001
 109    18.821010999999999  18.020325  21.845648000000001
 110    25.789082000000001  3.111847  17.228842
 111    -26.843737000000001  3.2066300000000001  12.913486000000001
 112    20.404964  9.1587899999999998  10.123585
 113    -23.567713000000001  9.3120960000000004  14.553890000000001
 114    -28.520209999999999  3.1755369999999998  17.228719999999999
 115    17.671590999999999  15.617022  11.001321000000001
 116    22.133289000000001  9.1811679999999996  13.916933999999999
 117    -21.670909999999999  15.773877000000001  18.458521000000001
 118    17.009952999999999  17.694026999999998  11.212771999999999
 119    -20.933857  18.083801000000001  14.845758999999999
 120    -20.494054999999999  15.755051  15.064544
 121    18.449418999999999  17.849163000000001  14.237304999999999
 122    -23.078317999999999  18.132104999999999  18.246718999999999
 123    6.9100239999999999  27.942636  28.894494999999999
 124    -9.612743  22.752811000000001  29.903497999999999
 125    -9.7421670000000002  27.943068  27.496289999999998
 126    -15.957153  26.654969999999999  23.234981999999999
 127    16.036541  23.291052000000001  25.562480999999998
 128    -22.633890000000001  25.741586999999999  22.623453000000001
 129    -22.450997999999998  21.948195999999999  22.830528000000001
 130    20.474463  26.301991000000001  18.645022999999998
 131    -16.940573000000001  22.951521  10.657306999999999
 132    -16.941970999999999  26.732755999999998  14.018046999999999
 133    -22.257885000000002  24.857899  13.3774
 134    15.607067000000001  22.927638999999999  11.952734
 135    7.3924279999999998  24.213581000000001  7.4692119999999997
 136    7.3602600000000002  29.136599  10.600417
 137    -1.255342  29.398458000000002  8.946415
 138    -13.462509000000001  23.824346999999999  9.8139780000000005
 139    -13.671222  28.589645000000001  14.974074999999999
 140    18.335058  23.278465000000001  22.538422000000001
 141    18.583361  26.414522000000002  23.144746999999999
 142    19.407018999999998  23.268028000000001  18.991645999999999
 143    -18.828987000000001  22.054703  25.464206999999998
 144    18.612514000000001  26.645184  13.208548
 145    -22.410547000000001  22.771319999999999  13.339473999999999
 146    -24.836013999999999  21.803604  18.917614
 147    12.597422  31.761633  21.102495000000001
 148    11.964938999999999  27.330164  25.947422
 149    -9.9845520000000008  33.564194000000001  22.797533000000001
 150    -1.7169829999999999  28.029454999999999  28.814547999999998
 151    16.528303000000001  27.204720999999999  24.942554000000001
 152    15.172860999999999  31.908162999999998  12.760195
 153    11.179365000000001  31.599936  15.411168
 154    11.620672000000001  28.173511999999999  12.465042
 155    -1.364217  34.273921999999999  12.594894
 156    -9.7522800000000007  29.260857000000001  11.412398
 157    20.837557  29.236218999999998  18.729343
 158    -22.449169000000001  28.675280000000001  20.9361
 159    -19.110102000000001  26.261645999999999  24.142399000000001
 160    15.816853999999999  27.035709000000001  11.645962000000001
 161    -24.674316000000001  25.542128000000002  18.591094999999999
 162    5.4364540000000003  37.536282  19.728296
 163    -1.65523  35.871929000000002  17.370642
 164    -10.296652  32.872753000000003  15.310174999999999
 165    -10.137858  34.296729999999997  18.605644000000002
 166    -13.951476  28.936171000000002  17.446325000000002
 167    -15.705838  29.228152999999999  16.134571000000001
 168    -16.260216  28.904001000000001  18.532910999999999
 169    -21.227882000000001  29.014707999999999  15.804150999999999
 170    4.8966010000000004  36.462780000000002  14.839612000000001
 171    14.332419  35.864539999999998  18.113793999999999
 172    16.053646000000001  35.804405000000003  14.760496
 173    16.969823999999999  36.051197000000002  21.580152999999999
 174    17.776700999999999  36.668190000000003  17.929898999999999
 175    5.94414  34.724159  24.326180000000001
 176    -1.9393579999999999  34.623458999999997  22.942996999999998
 177    -14.333181  29.054728000000001  19.480775999999999
 178    -14.821718000000001  27.988253  22.084534000000001
 179    -17.360900999999998  28.015684  22.555568999999998
 180    -21.769995000000002  29.111853  18.460177999999999
 181    -23.685625000000002  27.341892000000001  18.443390000000001
 182    14.93919  36.285839000000003  19.918108
 183    12.058536999999999  31.642430999999998  18.859907
 184    13.545230999999999  35.250565000000002  15.94027
 185    19.671244000000002  29.934653999999998  14.021215
 186    19.161299  34.106952999999997  15.184817000000001
 187    21.738029000000001  32.338062000000001  19.118780000000001
 188    20.654018000000001  35.106617  18.335180000000001
 189    19.459949000000002  30.011572000000001  23.205062999999999
 190    15.931215999999999  31.989063000000002  23.416633999999998
 191    19.033488999999999  34.997635000000002  21.735312
 192    16.661115500000001  15.643431  27.7493105
 193    3.6425005000000006  15.614435499999999  34.998550000000002
 194    -6.2809929999999996  15.6074965  34.625079999999997
 195    16.103146967445706  17.892324844298532  27.31065832084516
 196    3.4729055356729668  17.609454354668497  34.22496412272622
 197    -6.0889734337595574  17.596231828957183  33.947272643571381
 198    -22.499916956529084  28.14892161475095  17.170121431666313
 199    21.089812707701629  31.58426892397117  17.520004760171016
 200    -6.8611370000000003  10.006308737421907  14.867256849088466
 201    -17.965145499999998  17.764546500000002  26.802037500000001
 202    -18.031432848706558  15.663571913407898  26.822480319595638
 203    -18.428660475847799  23.576310863718334  19.02307047829747
 204    11.889439211452796  8.2698392108280494  16.29914113234663
 205    15.04500031561132  9.9315232221692096  23.00757193067038
 206    -11.868799094750878  17.057995119126623  18.234593599740695
 207    5.5188982924448737  15.974788249817363  21.689424389793661
 208    -15.825654324566372  9.2596338034400318  18.639589361265234
 209    -1.7781809725088751  13.31085378650655  26.812363703585305
 210    -12.666953241625189  22.993805905850117  17.148561962238833
 211    -6.8611370000000003  5.5104031219689524  24.289513008915023
 212    13.204001018867347  15.058307197031805  18.301462284180293
 213    13.03370800113405  25.725982500830199  20.129266783401334
 214    16.908796022186166  32.831173867397858  19.009031585248046
 215    2.3154943950652758  6.6231027808137704  15.134668999999997
 216    -7.1108048426193866  14.832711518136717  28.83307493238231
 217    16.296246499999999  -2.188035364579811  19.118886509394205
 218    6.9356720703824291  12.791092099256154  10.679044025992841
 219    4.113608000000001  5.2399289510555604  24.289512938334539
 220    3.8165867010799293  27.177730785518847  19.179311977718381
 221    9.2707809999999995  33.242896000000002  22.714337499999999
 222    9.4511526418052814  33.96308069692018  19.201827192698936
 223    -10.655754354860486  23.781648861237194  23.229114671604361
 224    -11.774568319026212  15.16023121427652  24.394692112806986
 225    8.6743600109433316  28.376734227065548  21.035903372209983
 226    -20.787519299530061  3.7354669919565673  22.920839707133148
 227    -12.441880988601335  13.816844626345631  12.005861864836925
 228    11.3621297781878  14.903972380137402  24.359538849434806
 229    -16.226472912825674  17.880700389549897  16.166220348224844
 230    12.086248755424805  14.833582743915263  12.561709219034324
 231    -1.4839802778293514  12.071706414720365  8.2093446971923623
 232    -15.789764857795827  17.69256479167084  21.901958303619296
 233    -21.7321785  12.4797805  24.647433499999998
 234    -2.8479644096570453  14.943305936153241  31.257426795411007
 235    5.1022338128096907  13.631428075550723  28.378044562079538
 236    -13.6840765  15.615942499999999  31.2789945
 237    -13.25027350505059  17.660318718516432  30.708061503623703
 238    -4.907164731369603  27.980167757395478  19.123784411933876
 239    -9.3598654674983095  26.834342891395373  16.985139435227854
 240    1.6674543890786135  15.038173656009434  30.967524671288757
 241    9.5386700787341301  14.983079920343805  28.630536179019291
# Generated by tetgen -e -pq ditto.ply 
